1
2
3
4
5
7
9
11
14
18
24
31
40
52
67
87
113
147
191
248
322
418
543
706
918
1193
1551
2016
2620
3406
4428
5757
7483
9728
12647
16441
21373
21374
21375
21376
21377
21379
21381
21383
21386
21390
21396
21403
21412
21424
21439
21459
21485
21519
21563
21620
21694
21790
21915
22078
22290
22565
22923
23388
23992
24778
25800
27129
28855
31100
34019
37813
42745
42746
42747
42748
42749
42751
42753
42755
42758
42762
42768
42775
42784
42796
42811
42831
42857
42891
42935
42992
43066
43162
43287
43450
43662
43937
44295
44760
45364
46150
47172
48501
50227
52472
55391
59185
64117
64118
64119
64120
64121
64123
64125
64127
64130
64134
64140
64147
64156
64168
64183
64203
64229
64263
64307
64364
64438
64534
64659
64822
65034
65309
65667
66132
66736
67522
68544
69873
71599
73844
76763
80557
85489
85490
85491
85492
85493
85495
85497
85499
85502
85506
85512
85519
85528
85540
85555
85575
85601
85635
85679
85736
85810
85906
86031
86194
86406
86681
87039
87504
88108
88894
89916
91245
92971
95216
98135
101929
106861
106862
106863
106864
106865
106867
106869
106871
106874
106878
106884
106891
106900
106912
106927
106947
106973
107007
107051
107108
107182
107278
107403
107566
107778
108053
108411
108876
109480
110266
111288
112617
114343
116588
119507
123301
128233
128234
128235
128236
128237
128239
128241
128243
128246
128250
128256
128263
128272
128284
128299
128319
128345
128379
128423
128480
128554
128650
128775
128938
129150
129425
129783
130248
130852
131638
132660
133989
135715
137960
140879
144673
149605
149606
149607
149608
149609
149611
149613
149615
149618
149622
149628
149635
149644
149656
149671
149691
149717
149751
149795
149852
149926
150022
150147
150310
150522
150797
151155
151620
152224
153010
154032
155361
157087
159332
162251
166045
170977
170978
170979
170980
170981
170983
170985
170987
170990
170994
171000
171007
171016
171028
171043
171063
171089
171123
171167
171224
171298
171394
171519
171682
171894
172169
172527
172992
173596
174382
175404
176733
178459
180704
183623
187417
192349
192350
192351
192352
192353
192355
192357
192359
192362
192366
192372
192379
192388
192400
192415
192435
192461
192495
192539
192596
192670
192766
192891
193054
193266
193541
193899
194364
194968
195754
196776
198105
199831
202076
204995
208789
213721
213722
213723
213724
213725
213727
213729
213731
213734
213738
213744
213751
213760
213772
213787
213807
213833
213867
213911
213968
214042
214138
214263
214426
214638
214913
215271
215736
216340
217126
218148
219477
221203
223448
226367
230161
235093
235094
235095
235096
235097
235099
235101
235103
235106
235110
235116
235123
235132
235144
235159
235179
235205
235239
235283
235340
235414
235510
235635
235798
236010
236285
236643
237108
237712
238498
239520
240849
242575
244820
247739
251533
256465
256466
256467
256468
256469
256471
256473
256475
256478
256482
256488
256495
256504
256516
256531
256551
256577
256611
256655
256712
256786
256882
257007
257170
257382
257657
258015
258480
259084
259870
260892
262221
263947
266192
269111
272905
277837
277838
277839
277840
277841
277843
277845
277847
277850
277854
277860
277867
277876
277888
277903
277923
277949
277983
278027
278084
278158
278254
278379
278542
278754
279029
279387
279852
280456
281242
282264
283593
285319
287564
290483
294277
299209
299210
299211
299212
299213
299215
299217
299219
299222
299226
299232
299239
299248
299260
299275
299295
299321
299355
299399
299456
299530
299626
299751
299914
300126
300401
300759
301224
301828
302614
303636
304965
306691
308936
311855
315649
320581
320582
320583
320584
320585
320587
320589
320591
320594
320598
320604
320611
320620
320632
320647
320667
320693
320727
320771
320828
320902
320998
321123
321286
321498
321773
322131
322596
323200
323986
325008
326337
328063
330308
333227
337021
341953
341954
341955
341956
341957
341959
341961
341963
341966
341970
341976
341983
341992
342004
342019
342039
342065
342099
342143
342200
342274
342370
342495
342658
342870
343145
343503
343968
344572
345358
346380
347709
349435
351680
354599
358393
363325
363326
363327
363328
363329
363331
363333
363335
363338
363342
363348
363355
363364
363376
363391
363411
363437
363471
363515
363572
363646
363742
363867
364030
364242
364517
364875
365340
365944
366730
367752
369081
370807
373052
375971
379765
384697
384698
384699
384700
384701
384703
384705
384707
384710
384714
384720
384727
384736
384748
384763
384783
384809
384843
384887
384944
385018
385114
385239
385402
385614
385889
386247
386712
387316
388102
389124
390453
392179
394424
397343
401137
406069
406070
406071
406072
406073
406075
406077
406079
406082
406086
406092
406099
406108
406120
406135
406155
406181
406215
406259
406316
406390
406486
406611
406774
406986
407261
407619
408084
408688
409474
410496
411825
413551
415796
418715
422509
427441
427442
427443
427444
427445
427447
427449
427451
427454
427458
427464
427471
427480
427492
427507
427527
427553
427587
427631
427688
427762
427858
427983
428146
428358
428633
428991
429456
430060
430846
431868
433197
434923
437168
440087
443881
448813
448814
448815
448816
448817
448819
448821
448823
448826
448830
448836
448843
448852
448864
448879
448899
448925
448959
449003
449060
449134
449230
449355
449518
449730
450005
450363
450828
451432
452218
453240
454569
456295
458540
461459
465253
470185
470186
470187
470188
470189
470191
470193
470195
470198
470202
470208
470215
470224
470236
470251
470271
470297
470331
470375
470432
470506
470602
470727
470890
471102
471377
471735
472200
472804
473590
474612
475941
477667
479912
482831
486625
491557
491558
491559
491560
491561
491563
491565
491567
491570
491574
491580
491587
491596
491608
491623
491643
491669
491703
491747
491804
491878
491974
492099
492262
492474
492749
493107
493572
494176
494962
495984
497313
499039
501284
504203
507997
512929
512930
512931
512932
512933
512935
512937
512939
512942
512946
512952
512959
512968
512980
512995
513015
513041
513075
513119
513176
513250
513346
513471
513634
513846
514121
514479
514944
515548
516334
517356
518685
520411
522656
525575
529369
534301
534302
534303
534304
534305
534307
534309
534311
534314
534318
534324
534331
534340
534352
534367
534387
534413
534447
534491
534548
534622
534718
534843
535006
535218
535493
535851
536316
536920
537706
538728
540057
541783
544028
546947
550741
555673
555674
555675
555676
555677
555679
555681
555683
555686
555690
555696
555703
555712
555724
555739
555759
555785
555819
555863
555920
555994
556090
556215
556378
556590
556865
557223
557688
558292
559078
560100
561429
563155
565400
568319
572113
577045
577046
577047
577048
577049
577051
577053
577055
577058
577062
577068
577075
577084
577096
577111
577131
577157
577191
577235
577292
577366
577462
577587
577750
577962
578237
578595
579060
579664
580450
581472
582801
584527
586772
589691
593485
598417
598418
598419
598420
598421
598423
598425
598427
598430
598434
598440
598447
598456
598468
598483
598503
598529
598563
598607
598664
598738
598834
598959
599122
599334
599609
599967
600432
601036
601822
602844
604173
605899
608144
611063
614857
619789
619790
619791
619792
619793
619795
619797
619799
619802
619806
619812
619819
619828
619840
619855
619875
619901
619935
619979
620036
620110
620206
620331
620494
620706
620981
621339
621804
622408
623194
624216
625545
627271
629516
632435
636229
641161
641162
641163
641164
641165
641167
641169
641171
641174
641178
641184
641191
641200
641212
641227
641247
641273
641307
641351
641408
641482
641578
641703
641866
642078
642353
642711
643176
643780
644566
645588
646917
648643
650888
653807
657601
662533
662534
662535
662536
662537
662539
662541
662543
662546
662550
662556
662563
662572
662584
662599
662619
662645
662679
662723
662780
662854
662950
663075
663238
663450
663725
664083
664548
665152
665938
666960
668289
670015
672260
675179
678973
683905
683906
683907
683908
683909
683911
683913
683915
683918
683922
683928
683935
683944
683956
683971
683991
684017
684051
684095
684152
684226
684322
684447
684610
684822
685097
685455
685920
686524
687310
688332
689661
691387
693632
696551
700345
705277
705278
705279
705280
705281
705283
705285
705287
705290
705294
705300
705307
705316
705328
705343
705363
705389
705423
705467
705524
705598
705694
705819
705982
706194
706469
706827
707292
707896
708682
709704
711033
712759
715004
717923
721717
726649
726650
726651
726652
726653
726655
726657
726659
726662
726666
726672
726679
726688
726700
726715
726735
726761
726795
726839
726896
726970
727066
727191
727354
727566
727841
728199
728664
729268
730054
731076
732405
734131
736376
739295
743089
748021
748022
748023
748024
748025
748027
748029
748031
748034
748038
748044
748051
748060
748072
748087
748107
748133
748167
748211
748268
748342
748438
748563
748726
748938
749213
749571
750036
750640
751426
752448
753777
755503
757748
760667
764461
769393
769394
769395
769396
769397
769399
769401
769403
769406
769410
769416
769423
769432
769444
769459
769479
769505
769539
769583
769640
769714
769810
769935
770098
770310
770585
770943
771408
772012
772798
773820
775149
776875
779120
782039
785833
790765
790766
790767
790768
790769
790771
790773
790775
790778
790782
790788
790795
790804
790816
790831
790851
790877
790911
790955
791012
791086
791182
791307
791470
791682
791957
792315
792780
793384
794170
795192
796521
798247
800492
803411
807205
812137
812138
812139
812140
812141
812143
812145
812147
812150
812154
812160
812167
812176
812188
812203
812223
812249
812283
812327
812384
812458
812554
812679
812842
813054
813329
813687
814152
814756
815542
816564
817893
819619
821864
824783
828577
833509
833510
833511
833512
833513
833515
833517
833519
833522
833526
833532
833539
833548
833560
833575
833595
833621
833655
833699
833756
833830
833926
834051
834214
834426
834701
835059
835524
836128
836914
837936
839265
840991
843236
846155
849949
854881
854882
854883
854884
854885
854887
854889
854891
854894
854898
854904
854911
854920
854932
854947
854967
854993
855027
855071
855128
855202
855298
855423
855586
855798
856073
856431
856896
857500
858286
859308
860637
862363
864608
867527
871321
876253
876254
876255
876256
876257
876259
876261
876263
876266
876270
876276
876283
876292
876304
876319
876339
876365
876399
876443
876500
876574
876670
876795
876958
877170
877445
877803
878268
878872
879658
880680
882009
883735
885980
888899
892693
897625
897626
897627
897628
897629
897631
897633
897635
897638
897642
897648
897655
897664
897676
897691
897711
897737
897771
897815
897872
897946
898042
898167
898330
898542
898817
899175
899640
900244
901030
902052
903381
905107
907352
910271
914065
918997
918998
918999
919000
919001
919003
919005
919007
919010
919014
919020
919027
919036
919048
919063
919083
919109
919143
919187
919244
919318
919414
919539
919702
919914
920189
920547
921012
921616
922402
923424
924753
926479
928724
931643
935437
940369
940370
940371
940372
940373
940375
940377
940379
940382
940386
940392
940399
940408
940420
940435
940455
940481
940515
940559
940616
940690
940786
940911
941074
941286
941561
941919
942384
942988
943774
944796
946125
947851
950096
953015
956809
961741
961742
961743
961744
961745
961747
961749
961751
961754
961758
961764
961771
961780
961792
961807
961827
961853
961887
961931
961988
962062
962158
962283
962446
962658
962933
963291
963756
964360
965146
966168
967497
969223
971468
974387
978181
983113
983114
983115
983116
983117
983119
983121
983123
983126
983130
983136
983143
983152
983164
983179
983199
983225
983259
983303
983360
983434
983530
983655
983818
984030
984305
984663
985128
985732
986518
987540
988869
990595
992840
995759
999553
1004485
1004486
1004487
1004488
1004489
1004491
1004493
1004495
1004498
1004502
1004508
1004515
1004524
1004536
1004551
1004571
1004597
1004631
1004675
1004732
1004806
1004902
1005027
1005190
1005402
1005677
1006035
1006500
1007104
1007890
1008912
1010241
1011967
1014212
1017131
1020925
1025857
1025858
1025859
1025860
1025861
1025863
1025865
1025867
1025870
1025874
1025880
1025887
1025896
1025908
1025923
1025943
1025969
1026003
1026047
1026104
1026178
1026274
1026399
1026562
1026774
1027049
1027407
1027872
1028476
1029262
1030284
1031613
1033339
1035584
1038503
1042297
1047229
1047230
1047231
1047232
1047233
1047235
1047237
1047239
1047242
1047246
1047252
1047259
1047268
1047280
1047295
1047315
1047341
1047375
1047419
1047476
1047550
1047646
1047771
1047934
1048146
1048421
1048779
1049244
1049848
1050634
1051656
1052985
1054711
1056956
1059875
1063669
1068601
1068602
1068603
1068604
1068605
1068607
1068609
1068611
1068614
1068618
1068624
1068631
1068640
1068652
1068667
1068687
1068713
1068747
1068791
1068848
1068922
1069018
1069143
1069306
1069518
1069793
1070151
1070616
1071220
1072006
1073028
1074357
1076083
1078328
1081247
1085041
1089973
1089974
1089975
1089976
1089977
1089979
1089981
1089983
1089986
1089990
1089996
1090003
1090012
1090024
1090039
1090059
1090085
1090119
1090163
1090220
1090294
1090390
1090515
1090678
1090890
1091165
1091523
1091988
1092592
1093378
1094400
1095729
1097455
1099700
1102619
1106413
1111345
1111346
1111347
1111348
1111349
1111351
1111353
1111355
1111358
1111362
1111368
1111375
1111384
1111396
1111411
1111431
1111457
1111491
1111535
1111592
1111666
1111762
1111887
1112050
1112262
1112537
1112895
1113360
1113964
1114750
1115772
1117101
1118827
1121072
1123991
1127785
1132717
1132718
1132719
1132720
1132721
1132723
1132725
1132727
1132730
1132734
1132740
1132747
1132756
1132768
1132783
1132803
1132829
1132863
1132907
1132964
1133038
1133134
1133259
1133422
1133634
1133909
1134267
1134732
1135336
1136122
1137144
1138473
1140199
1142444
1145363
1149157
1154089
1154090
1154091
1154092
1154093
1154095
1154097
1154099
1154102
1154106
1154112
1154119
1154128
1154140
1154155
1154175
1154201
1154235
1154279
1154336
1154410
1154506
1154631
1154794
1155006
1155281
1155639
1156104
1156708
1157494
1158516
1159845
1161571
1163816
1166735
1170529
1175461
1175462
1175463
1175464
1175465
1175467
1175469
1175471
1175474
1175478
1175484
1175491
1175500
1175512
1175527
1175547
1175573
1175607
1175651
1175708
1175782
1175878
1176003
1176166
1176378
1176653
1177011
1177476
1178080
1178866
1179888
1181217
1182943
1185188
1188107
1191901
1196833
1196834
1196835
1196836
1196837
1196839
1196841
1196843
1196846
1196850
1196856
1196863
1196872
1196884
1196899
1196919
1196945
1196979
1197023
1197080
1197154
1197250
1197375
1197538
1197750
1198025
1198383
1198848
1199452
1200238
1201260
1202589
1204315
1206560
1209479
1213273
1218205
1218206
1218207
1218208
1218209
1218211
1218213
1218215
1218218
1218222
1218228
1218235
1218244
1218256
1218271
1218291
1218317
1218351
1218395
1218452
1218526
1218622
1218747
1218910
1219122
1219397
1219755
1220220
1220824
1221610
1222632
1223961
1225687
1227932
1230851
1234645
1239577
1239578
1239579
1239580
1239581
1239583
1239585
1239587
1239590
1239594
1239600
1239607
1239616
1239628
1239643
1239663
1239689
1239723
1239767
1239824
1239898
1239994
1240119
1240282
1240494
1240769
1241127
1241592
1242196
1242982
1244004
1245333
1247059
1249304
1252223
1256017
1260949
1260950
1260951
1260952
1260953
1260955
1260957
1260959
1260962
1260966
1260972
1260979
1260988
1261000
1261015
1261035
1261061
1261095
1261139
1261196
1261270
1261366
1261491
1261654
1261866
1262141
1262499
1262964
1263568
1264354
1265376
1266705
1268431
1270676
1273595
1277389
1282321
1282322
1282323
1282324
1282325
1282327
1282329
1282331
1282334
1282338
1282344
1282351
1282360
1282372
1282387
1282407
1282433
1282467
1282511
1282568
1282642
1282738
1282863
1283026
1283238
1283513
1283871
1284336
1284940
1285726
1286748
1288077
1289803
1292048
1294967
1298761
1303693
1303694
1303695
1303696
1303697
1303699
1303701
1303703
1303706
1303710
1303716
1303723
1303732
1303744
1303759
1303779
1303805
1303839
1303883
1303940
1304014
1304110
1304235
1304398
1304610
1304885
1305243
1305708
1306312
1307098
1308120
1309449
1311175
1313420
1316339
1320133
1325065
1325066
1325067
1325068
1325069
1325071
1325073
1325075
1325078
1325082
1325088
1325095
1325104
1325116
1325131
1325151
1325177
1325211
1325255
1325312
1325386
1325482
1325607
1325770
1325982
1326257
1326615
1327080
1327684
1328470
1329492
1330821
1332547
1334792
1337711
1341505
1346437
1346438
1346439
1346440
1346441
1346443
1346445
1346447
1346450
1346454
1346460
1346467
1346476
1346488
1346503
1346523
1346549
1346583
1346627
1346684
1346758
1346854
1346979
1347142
1347354
1347629
1347987
1348452
1349056
1349842
1350864
1352193
1353919
1356164
1359083
1362877
1367809
1367810
1367811
1367812
1367813
1367815
1367817
1367819
1367822
1367826
1367832
1367839
1367848
1367860
1367875
1367895
1367921
1367955
1367999
1368056
1368130
1368226
1368351
1368514
1368726
1369001
1369359
1369824
1370428
1371214
1372236
1373565
1375291
1377536
1380455
1384249
1389181
1389182
1389183
1389184
1389185
1389187
1389189
1389191
1389194
1389198
1389204
1389211
1389220
1389232
1389247
1389267
1389293
1389327
1389371
1389428
1389502
1389598
1389723
1389886
1390098
1390373
1390731
1391196
1391800
1392586
1393608
1394937
1396663
1398908
1401827
1405621
1410553
1410554
1410555
1410556
1410557
1410559
1410561
1410563
1410566
1410570
1410576
1410583
1410592
1410604
1410619
1410639
1410665
1410699
1410743
1410800
1410874
1410970
1411095
1411258
1411470
1411745
1412103
1412568
1413172
1413958
1414980
1416309
1418035
1420280
1423199
1426993
1431925
1431926
1431927
1431928
1431929
1431931
1431933
1431935
1431938
1431942
1431948
1431955
1431964
1431976
1431991
1432011
1432037
1432071
1432115
1432172
1432246
1432342
1432467
1432630
1432842
1433117
1433475
1433940
1434544
1435330
1436352
1437681
1439407
1441652
1444571
1448365
1453297
1453298
1453299
1453300
1453301
1453303
1453305
1453307
1453310
1453314
1453320
1453327
1453336
1453348
1453363
1453383
1453409
1453443
1453487
1453544
1453618
1453714
1453839
1454002
1454214
1454489
1454847
1455312
1455916
1456702
1457724
1459053
1460779
1463024
1465943
1469737
1474669
1474670
1474671
1474672
1474673
1474675
1474677
1474679
1474682
1474686
1474692
1474699
1474708
1474720
1474735
1474755
1474781
1474815
1474859
1474916
1474990
1475086
1475211
1475374
1475586
1475861
1476219
1476684
1477288
1478074
1479096
1480425
1482151
1484396
1487315
1491109
1496041
1496042
1496043
1496044
1496045
1496047
1496049
1496051
1496054
1496058
1496064
1496071
1496080
1496092
1496107
1496127
1496153
1496187
1496231
1496288
1496362
1496458
1496583
1496746
1496958
1497233
1497591
1498056
1498660
1499446
1500468
1501797
1503523
1505768
1508687
1512481
1517413
1517414
1517415
1517416
1517417
1517419
1517421
1517423
1517426
1517430
1517436
1517443
1517452
1517464
1517479
1517499
1517525
1517559
1517603
1517660
1517734
1517830
1517955
1518118
1518330
1518605
1518963
1519428
1520032
1520818
1521840
1523169
1524895
1527140
1530059
1533853
1538785
1538786
1538787
1538788
1538789
1538791
1538793
1538795
1538798
1538802
1538808
1538815
1538824
1538836
1538851
1538871
1538897
1538931
1538975
1539032
1539106
1539202
1539327
1539490
1539702
1539977
1540335
1540800
1541404
1542190
1543212
1544541
1546267
1548512
1551431
1555225
1560157
1560158
1560159
1560160
1560161
1560163
1560165
1560167
1560170
1560174
1560180
1560187
1560196
1560208
1560223
1560243
1560269
1560303
1560347
1560404
1560478
1560574
1560699
1560862
1561074
1561349
1561707
1562172
1562776
1563562
1564584
1565913
1567639
1569884
1572803
1576597
1581529
1581530
1581531
1581532
1581533
1581535
1581537
1581539
1581542
1581546
1581552
1581559
1581568
1581580
1581595
1581615
1581641
1581675
1581719
1581776
1581850
1581946
1582071
1582234
1582446
1582721
1583079
1583544
1584148
1584934
1585956
1587285
1589011
1591256
1594175
1597969
1602901
1602902
1602903
1602904
1602905
1602907
1602909
1602911
1602914
1602918
1602924
1602931
1602940
1602952
1602967
1602987
1603013
1603047
1603091
1603148
1603222
1603318
1603443
1603606
1603818
1604093
1604451
1604916
1605520
1606306
1607328
1608657
1610383
1612628
1615547
1619341
1624273
1624274
1624275
1624276
1624277
1624279
1624281
1624283
1624286
1624290
1624296
1624303
1624312
1624324
1624339
1624359
1624385
1624419
1624463
1624520
1624594
1624690
1624815
1624978
1625190
1625465
1625823
1626288
1626892
1627678
1628700
1630029
1631755
1634000
1636919
1640713
1645645
1645646
1645647
1645648
1645649
1645651
1645653
1645655
1645658
1645662
1645668
1645675
1645684
1645696
1645711
1645731
1645757
1645791
1645835
1645892
1645966
1646062
1646187
1646350
1646562
1646837
1647195
1647660
1648264
1649050
1650072
1651401
1653127
1655372
1658291
1662085
1667017
1667018
1667019
1667020
1667021
1667023
1667025
1667027
1667030
1667034
1667040
1667047
1667056
1667068
1667083
1667103
1667129
1667163
1667207
1667264
1667338
1667434
1667559
1667722
1667934
1668209
1668567
1669032
1669636
1670422
1671444
1672773
1674499
1676744
1679663
1683457
1688389
1688390
1688391
1688392
1688393
1688395
1688397
1688399
1688402
1688406
1688412
1688419
1688428
1688440
1688455
1688475
1688501
1688535
1688579
1688636
1688710
1688806
1688931
1689094
1689306
1689581
1689939
1690404
1691008
1691794
1692816
1694145
1695871
1698116
1701035
1704829
1709761
1709762
1709763
1709764
1709765
1709767
1709769
1709771
1709774
1709778
1709784
1709791
1709800
1709812
1709827
1709847
1709873
1709907
1709951
1710008
1710082
1710178
1710303
1710466
1710678
1710953
1711311
1711776
1712380
1713166
1714188
1715517
1717243
1719488
1722407
1726201
1731133
1731134
1731135
1731136
1731137
1731139
1731141
1731143
1731146
1731150
1731156
1731163
1731172
1731184
1731199
1731219
1731245
1731279
1731323
1731380
1731454
1731550
1731675
1731838
1732050
1732325
1732683
1733148
1733752
1734538
1735560
1736889
1738615
1740860
1743779
1747573
1752505
1752506
1752507
1752508
1752509
1752511
1752513
1752515
1752518
1752522
1752528
1752535
1752544
1752556
1752571
1752591
1752617
1752651
1752695
1752752
1752826
1752922
1753047
1753210
1753422
1753697
1754055
1754520
1755124
1755910
1756932
1758261
1759987
1762232
1765151
1768945
1773877
1773878
1773879
1773880
1773881
1773883
1773885
1773887
1773890
1773894
1773900
1773907
1773916
1773928
1773943
1773963
1773989
1774023
1774067
1774124
1774198
1774294
1774419
1774582
1774794
1775069
1775427
1775892
1776496
1777282
1778304
1779633
1781359
1783604
1786523
1790317
1795249
1795250
1795251
1795252
1795253
1795255
1795257
1795259
1795262
1795266
1795272
1795279
1795288
1795300
1795315
1795335
1795361
1795395
1795439
1795496
1795570
1795666
1795791
1795954
1796166
1796441
1796799
1797264
1797868
1798654
1799676
1801005
1802731
1804976
1807895
1811689
1816621
1816622
1816623
1816624
1816625
1816627
1816629
1816631
1816634
1816638
1816644
1816651
1816660
1816672
1816687
1816707
1816733
1816767
1816811
1816868
1816942
1817038
1817163
1817326
1817538
1817813
1818171
1818636
1819240
1820026
1821048
1822377
1824103
1826348
1829267
1833061
1837993
1837994
1837995
1837996
1837997
1837999
1838001
1838003
1838006
1838010
1838016
1838023
1838032
1838044
1838059
1838079
1838105
1838139
1838183
1838240
1838314
1838410
1838535
1838698
1838910
1839185
1839543
1840008
1840612
1841398
1842420
1843749
1845475
1847720
1850639
1854433
1859365
1859366
1859367
1859368
1859369
1859371
1859373
1859375
1859378
1859382
1859388
1859395
1859404
1859416
1859431
1859451
1859477
1859511
1859555
1859612
1859686
1859782
1859907
1860070
1860282
1860557
1860915
1861380
1861984
1862770
1863792
1865121
1866847
1869092
1872011
1875805
1880737
1880738
1880739
1880740
1880741
1880743
1880745
1880747
1880750
1880754
1880760
1880767
1880776
1880788
1880803
1880823
1880849
1880883
1880927
1880984
1881058
1881154
1881279
1881442
1881654
1881929
1882287
1882752
1883356
1884142
1885164
1886493
1888219
1890464
1893383
1897177
1902109
1902110
1902111
1902112
1902113
1902115
1902117
1902119
1902122
1902126
1902132
1902139
1902148
1902160
1902175
1902195
1902221
1902255
1902299
1902356
1902430
1902526
1902651
1902814
1903026
1903301
1903659
1904124
1904728
1905514
1906536
1907865
1909591
1911836
1914755
1918549
1923481
1923482
1923483
1923484
1923485
1923487
1923489
1923491
1923494
1923498
1923504
1923511
1923520
1923532
1923547
1923567
1923593
1923627
1923671
1923728
1923802
1923898
1924023
1924186
1924398
1924673
1925031
1925496
1926100
1926886
1927908
1929237
1930963
1933208
1936127
1939921
1944853
1944854
1944855
1944856
1944857
1944859
1944861
1944863
1944866
1944870
1944876
1944883
1944892
1944904
1944919
1944939
1944965
1944999
1945043
1945100
1945174
1945270
1945395
1945558
1945770
1946045
1946403
1946868
1947472
1948258
1949280
1950609
1952335
1954580
1957499
1961293
1966225
1966226
1966227
1966228
1966229
1966231
1966233
1966235
1966238
1966242
1966248
1966255
1966264
1966276
1966291
1966311
1966337
1966371
1966415
1966472
1966546
1966642
1966767
1966930
1967142
1967417
1967775
1968240
1968844
1969630
1970652
1971981
1973707
1975952
1978871
1982665
1987597
1987598
1987599
1987600
1987601
1987603
1987605
1987607
1987610
1987614
1987620
1987627
1987636
1987648
1987663
1987683
1987709
1987743
1987787
1987844
1987918
1988014
1988139
1988302
1988514
1988789
1989147
1989612
1990216
1991002
1992024
1993353
1995079
1997324
2000243
2004037
2008969
2008970
2008971
2008972
2008973
2008975
2008977
2008979
2008982
2008986
2008992
2008999
2009008
2009020
2009035
2009055
2009081
2009115
2009159
2009216
2009290
2009386
2009511
2009674
2009886
2010161
2010519
2010984
2011588
2012374
2013396
2014725
2016451
2018696
2021615
2025409
2030341
2030342
2030343
2030344
2030345
2030347
2030349
2030351
2030354
2030358
2030364
2030371
2030380
2030392
2030407
2030427
2030453
2030487
2030531
2030588
2030662
2030758
2030883
2031046
2031258
2031533
2031891
2032356
2032960
2033746
2034768
2036097
2037823
2040068
2042987
2046781
2051713
2051714
2051715
2051716
2051717
2051719
2051721
2051723
2051726
2051730
2051736
2051743
2051752
2051764
2051779
2051799
2051825
2051859
2051903
2051960
2052034
2052130
2052255
2052418
2052630
2052905
2053263
2053728
2054332
2055118
2056140
2057469
2059195
2061440
2064359
2068153
2073085
2073086
2073087
2073088
2073089
2073091
2073093
2073095
2073098
2073102
2073108
2073115
2073124
2073136
2073151
2073171
2073197
2073231
2073275
2073332
2073406
2073502
2073627
2073790
2074002
2074277
2074635
2075100
2075704
2076490
2077512
2078841
2080567
2082812
2085731
2089525
2094457
2094458
2094459
2094460
2094461
2094463
2094465
2094467
2094470
2094474
2094480
2094487
2094496
2094508
2094523
2094543
2094569
2094603
2094647
2094704
2094778
2094874
2094999
2095162
2095374
2095649
2096007
2096472
2097076
2097862
2098884
2100213
2101939
2104184
2107103
2110897
2115829
2115830
2115831
2115832
2115833
2115835
2115837
2115839
2115842
2115846
2115852
2115859
2115868
2115880
2115895
2115915
2115941
2115975
2116019
2116076
2116150
2116246
2116371
2116534
2116746
2117021
2117379
2117844
2118448
2119234
2120256
2121585
2123311
2125556
2128475
2132269
2137201
2137202
2137203
2137204
2137205
2137207
2137209
2137211
2137214
2137218
2137224
2137231
2137240
2137252
2137267
2137287
2137313
2137347
2137391
2137448
2137522
2137618
2137743
2137906
2138118
2138393
2138751
2139216
2139820
2140606
2141628
2142957
2144683
2146928
2149847
2153641
2158573
2158574
2158575
2158576
2158577
2158579
2158581
2158583
2158586
2158590
2158596
2158603
2158612
2158624
2158639
2158659
2158685
2158719
2158763
2158820
2158894
2158990
2159115
2159278
2159490
2159765
2160123
2160588
2161192
2161978
2163000
2164329
2166055
2168300
2171219
2175013
2179945
2179946
2179947
2179948
2179949
2179951
2179953
2179955
2179958
2179962
2179968
2179975
2179984
2179996
2180011
2180031
2180057
2180091
2180135
2180192
2180266
2180362
2180487
2180650
2180862
2181137
2181495
2181960
2182564
2183350
2184372
2185701
2187427
2189672
2192591
2196385
2201317
2201318
2201319
2201320
2201321
2201323
2201325
2201327
2201330
2201334
2201340
2201347
2201356
2201368
2201383
2201403
2201429
2201463
2201507
2201564
2201638
2201734
2201859
2202022
2202234
2202509
2202867
2203332
2203936
2204722
2205744
2207073
2208799
2211044
2213963
2217757
2222689
2222690
2222691
2222692
2222693
2222695
2222697
2222699
2222702
2222706
2222712
2222719
2222728
2222740
2222755
2222775
2222801
2222835
2222879
2222936
2223010
2223106
2223231
2223394
2223606
2223881
2224239
2224704
2225308
2226094
2227116
2228445
2230171
2232416
2235335
2239129
2244061
2244062
2244063
2244064
2244065
2244067
2244069
2244071
2244074
2244078
2244084
2244091
2244100
2244112
2244127
2244147
2244173
2244207
2244251
2244308
2244382
2244478
2244603
2244766
2244978
2245253
2245611
2246076
2246680
2247466
2248488
2249817
2251543
2253788
2256707
2260501
2265433
2265434
2265435
2265436
2265437
2265439
2265441
2265443
2265446
2265450
2265456
2265463
2265472
2265484
2265499
2265519
2265545
2265579
2265623
2265680
2265754
2265850
2265975
2266138
2266350
2266625
2266983
2267448
2268052
2268838
2269860
2271189
2272915
2275160
2278079
2281873
2286805
2286806
2286807
2286808
2286809
2286811
2286813
2286815
2286818
2286822
2286828
2286835
2286844
2286856
2286871
2286891
2286917
2286951
2286995
2287052
2287126
2287222
2287347
2287510
2287722
2287997
2288355
2288820
2289424
2290210
2291232
2292561
2294287
2296532
2299451
2303245
2308177
2308178
2308179
2308180
2308181
2308183
2308185
2308187
2308190
2308194
2308200
2308207
2308216
2308228
2308243
2308263
2308289
2308323
2308367
2308424
2308498
2308594
2308719
2308882
2309094
2309369
2309727
2310192
2310796
2311582
2312604
2313933
2315659
2317904
2320823
2324617
2329549
2329550
2329551
2329552
2329553
2329555
2329557
2329559
2329562
2329566
2329572
2329579
2329588
2329600
2329615
2329635
2329661
2329695
2329739
2329796
2329870
2329966
2330091
2330254
2330466
2330741
2331099
2331564
2332168
2332954
2333976
2335305
2337031
2339276
2342195
2345989
2350921
2350922
2350923
2350924
2350925
2350927
2350929
2350931
2350934
2350938
2350944
2350951
2350960
2350972
2350987
2351007
2351033
2351067
2351111
2351168
2351242
2351338
2351463
2351626
2351838
2352113
2352471
2352936
2353540
2354326
2355348
2356677
2358403
2360648
2363567
2367361
2372293
2372294
2372295
2372296
2372297
2372299
2372301
2372303
2372306
2372310
2372316
2372323
2372332
2372344
2372359
2372379
2372405
2372439
2372483
2372540
2372614
2372710
2372835
2372998
2373210
2373485
2373843
2374308
2374912
2375698
2376720
2378049
2379775
2382020
2384939
2388733
2393665
2393666
2393667
2393668
2393669
2393671
2393673
2393675
2393678
2393682
2393688
2393695
2393704
2393716
2393731
2393751
2393777
2393811
2393855
2393912
2393986
2394082
2394207
2394370
2394582
2394857
2395215
2395680
2396284
2397070
2398092
2399421
2401147
2403392
2406311
2410105
2415037
2415038
2415039
2415040
2415041
2415043
2415045
2415047
2415050
2415054
2415060
2415067
2415076
2415088
2415103
2415123
2415149
2415183
2415227
2415284
2415358
2415454
2415579
2415742
2415954
2416229
2416587
2417052
2417656
2418442
2419464
2420793
2422519
2424764
2427683
2431477
2436409
2436410
2436411
2436412
2436413
2436415
2436417
2436419
2436422
2436426
2436432
2436439
2436448
2436460
2436475
2436495
2436521
2436555
2436599
2436656
2436730
2436826
2436951
2437114
2437326
2437601
2437959
2438424
2439028
2439814
2440836
2442165
2443891
2446136
2449055
2452849
2457781
2457782
2457783
2457784
2457785
2457787
2457789
2457791
2457794
2457798
2457804
2457811
2457820
2457832
2457847
2457867
2457893
2457927
2457971
2458028
2458102
2458198
2458323
2458486
2458698
2458973
2459331
2459796
2460400
2461186
2462208
2463537
2465263
2467508
2470427
2474221
2479153
2479154
2479155
2479156
2479157
2479159
2479161
2479163
2479166
2479170
2479176
2479183
2479192
2479204
2479219
2479239
2479265
2479299
2479343
2479400
2479474
2479570
2479695
2479858
2480070
2480345
2480703
2481168
2481772
2482558
2483580
2484909
2486635
2488880
2491799
2495593
2500525
2500526
2500527
2500528
2500529
2500531
2500533
2500535
2500538
2500542
2500548
2500555
2500564
2500576
2500591
2500611
2500637
2500671
2500715
2500772
2500846
2500942
2501067
2501230
2501442
2501717
2502075
2502540
2503144
2503930
2504952
2506281
2508007
2510252
2513171
2516965
2521897
2521898
2521899
2521900
2521901
2521903
2521905
2521907
2521910
2521914
2521920
2521927
2521936
2521948
2521963
2521983
2522009
2522043
2522087
2522144
2522218
2522314
2522439
2522602
2522814
2523089
2523447
2523912
2524516
2525302
2526324
2527653
2529379
2531624
2534543
2538337
2543269
2543270
2543271
2543272
2543273
2543275
2543277
2543279
2543282
2543286
2543292
2543299
2543308
2543320
2543335
2543355
2543381
2543415
2543459
2543516
2543590
2543686
2543811
2543974
2544186
2544461
2544819
2545284
2545888
2546674
2547696
2549025
2550751
2552996
2555915
2559709
2564641
2564642
2564643
2564644
2564645
2564647
2564649
2564651
2564654
2564658
2564664
2564671
2564680
2564692
2564707
2564727
2564753
2564787
2564831
2564888
2564962
2565058
2565183
2565346
2565558
2565833
2566191
2566656
2567260
2568046
2569068
2570397
2572123
2574368
2577287
2581081
2586013
2586014
2586015
2586016
2586017
2586019
2586021
2586023
2586026
2586030
2586036
2586043
2586052
2586064
2586079
2586099
2586125
2586159
2586203
2586260
2586334
2586430
2586555
2586718
2586930
2587205
2587563
2588028
2588632
2589418
2590440
2591769
2593495
2595740
2598659
2602453
2607385
2607386
2607387
2607388
2607389
2607391
2607393
2607395
2607398
2607402
2607408
2607415
2607424
2607436
2607451
2607471
2607497
2607531
2607575
2607632
2607706
2607802
2607927
2608090
2608302
2608577
2608935
2609400
2610004
2610790
2611812
2613141
2614867
2617112
2620031
2623825
2628757
2628758
2628759
2628760
2628761
2628763
2628765
2628767
2628770
2628774
2628780
2628787
2628796
2628808
2628823
2628843
2628869
2628903
2628947
2629004
2629078
2629174
2629299
2629462
2629674
2629949
2630307
2630772
2631376
2632162
2633184
2634513
2636239
2638484
2641403
2645197
2650129
2650130
2650131
2650132
2650133
2650135
2650137
2650139
2650142
2650146
2650152
2650159
2650168
2650180
2650195
2650215
2650241
2650275
2650319
2650376
2650450
2650546
2650671
2650834
2651046
2651321
2651679
2652144
2652748
2653534
2654556
2655885
2657611
2659856
2662775
2666569
2671501
2671502
2671503
2671504
2671505
2671507
2671509
2671511
2671514
2671518
2671524
2671531
2671540
2671552
2671567
2671587
2671613
2671647
2671691
2671748
2671822
2671918
2672043
2672206
2672418
2672693
2673051
2673516
2674120
2674906
2675928
2677257
2678983
2681228
2684147
2687941
2692873
2692874
2692875
2692876
2692877
2692879
2692881
2692883
2692886
2692890
2692896
2692903
2692912
2692924
2692939
2692959
2692985
2693019
2693063
2693120
2693194
2693290
2693415
2693578
2693790
2694065
2694423
2694888
2695492
2696278
2697300
2698629
2700355
2702600
2705519
2709313
2714245
2714246
2714247
2714248
2714249
2714251
2714253
2714255
2714258
2714262
2714268
2714275
2714284
2714296
2714311
2714331
2714357
2714391
2714435
2714492
2714566
2714662
2714787
2714950
2715162
2715437
2715795
2716260
2716864
2717650
2718672
2720001
2721727
2723972
2726891
2730685
2735617
2735618
2735619
2735620
2735621
2735623
2735625
2735627
2735630
2735634
2735640
2735647
2735656
2735668
2735683
2735703
2735729
2735763
2735807
2735864
2735938
2736034
2736159
2736322
2736534
2736809
2737167
2737632
2738236
2739022
2740044
2741373
2743099
2745344
2748263
2752057
2756989
2756990
2756991
2756992
2756993
2756995
2756997
2756999
2757002
2757006
2757012
2757019
2757028
2757040
2757055
2757075
2757101
2757135
2757179
2757236
2757310
2757406
2757531
2757694
2757906
2758181
2758539
2759004
2759608
2760394
2761416
2762745
2764471
2766716
2769635
2773429
2778361
2778362
2778363
2778364
2778365
2778367
2778369
2778371
2778374
2778378
2778384
2778391
2778400
2778412
2778427
2778447
2778473
2778507
2778551
2778608
2778682
2778778
2778903
2779066
2779278
2779553
2779911
2780376
2780980
2781766
2782788
2784117
2785843
2788088
2791007
2794801
2799733
2799734
2799735
2799736
2799737
2799739
2799741
2799743
2799746
2799750
2799756
2799763
2799772
2799784
2799799
2799819
2799845
2799879
2799923
2799980
2800054
2800150
2800275
2800438
2800650
2800925
2801283
2801748
2802352
2803138
2804160
2805489
2807215
2809460
2812379
2816173
2821105
2821106
2821107
2821108
2821109
2821111
2821113
2821115
2821118
2821122
2821128
2821135
2821144
2821156
2821171
2821191
2821217
2821251
2821295
2821352
2821426
2821522
2821647
2821810
2822022
2822297
2822655
2823120
2823724
2824510
2825532
2826861
2828587
2830832
2833751
2837545
2842477
2842478
2842479
2842480
2842481
2842483
2842485
2842487
2842490
2842494
2842500
2842507
2842516
2842528
2842543
2842563
2842589
2842623
2842667
2842724
2842798
2842894
2843019
2843182
2843394
2843669
2844027
2844492
2845096
2845882
2846904
2848233
2849959
2852204
2855123
2858917
2863849
2863850
2863851
2863852
2863853
2863855
2863857
2863859
2863862
2863866
2863872
2863879
2863888
2863900
2863915
2863935
2863961
2863995
2864039
2864096
2864170
2864266
2864391
2864554
2864766
2865041
2865399
2865864
2866468
2867254
2868276
2869605
2871331
2873576
2876495
2880289
2885221
2885222
2885223
2885224
2885225
2885227
2885229
2885231
2885234
2885238
2885244
2885251
2885260
2885272
2885287
2885307
2885333
2885367
2885411
2885468
2885542
2885638
2885763
2885926
2886138
2886413
2886771
2887236
2887840
2888626
2889648
2890977
2892703
2894948
2897867
2901661
2906593
2906594
2906595
2906596
2906597
2906599
2906601
2906603
2906606
2906610
2906616
2906623
2906632
2906644
2906659
2906679
2906705
2906739
2906783
2906840
2906914
2907010
2907135
2907298
2907510
2907785
2908143
2908608
2909212
2909998
2911020
2912349
2914075
2916320
2919239
2923033
2927965
2927966
2927967
2927968
2927969
2927971
2927973
2927975
2927978
2927982
2927988
2927995
2928004
2928016
2928031
2928051
2928077
2928111
2928155
2928212
2928286
2928382
2928507
2928670
2928882
2929157
2929515
2929980
2930584
2931370
2932392
2933721
2935447
2937692
2940611
2944405
2949337
2949338
2949339
2949340
2949341
2949343
2949345
2949347
2949350
2949354
2949360
2949367
2949376
2949388
2949403
2949423
2949449
2949483
2949527
2949584
2949658
2949754
2949879
2950042
2950254
2950529
2950887
2951352
2951956
2952742
2953764
2955093
2956819
2959064
2961983
2965777
2970709
2970710
2970711
2970712
2970713
2970715
2970717
2970719
2970722
2970726
2970732
2970739
2970748
2970760
2970775
2970795
2970821
2970855
2970899
2970956
2971030
2971126
2971251
2971414
2971626
2971901
2972259
2972724
2973328
2974114
2975136
2976465
2978191
2980436
2983355
2987149
2992081
2992082
2992083
2992084
2992085
2992087
2992089
2992091
2992094
2992098
2992104
2992111
2992120
2992132
2992147
2992167
2992193
2992227
2992271
2992328
2992402
2992498
2992623
2992786
2992998
2993273
2993631
2994096
2994700
2995486
2996508
2997837
2999563
3001808
3004727
3008521
3013453
3013454
3013455
3013456
3013457
3013459
3013461
3013463
3013466
3013470
3013476
3013483
3013492
3013504
3013519
3013539
3013565
3013599
3013643
3013700
3013774
3013870
3013995
3014158
3014370
3014645
3015003
3015468
3016072
3016858
3017880
3019209
3020935
3023180
3026099
3029893
3034825
3034826
3034827
3034828
3034829
3034831
3034833
3034835
3034838
3034842
3034848
3034855
3034864
3034876
3034891
3034911
3034937
3034971
3035015
3035072
3035146
3035242
3035367
3035530
3035742
3036017
3036375
3036840
3037444
3038230
3039252
3040581
3042307
3044552
3047471
3051265
3056197
3056198
3056199
3056200
3056201
3056203
3056205
3056207
3056210
3056214
3056220
3056227
3056236
3056248
3056263
3056283
3056309
3056343
3056387
3056444
3056518
3056614
3056739
3056902
3057114
3057389
3057747
3058212
3058816
3059602
3060624
3061953
3063679
3065924
3068843
3072637
3077569
3077570
3077571
3077572
3077573
3077575
3077577
3077579
3077582
3077586
3077592
3077599
3077608
3077620
3077635
3077655
3077681
3077715
3077759
3077816
3077890
3077986
3078111
3078274
3078486
3078761
3079119
3079584
3080188
3080974
3081996
3083325
3085051
3087296
3090215
3094009
3098941
3098942
3098943
3098944
3098945
3098947
3098949
3098951
3098954
3098958
3098964
3098971
3098980
3098992
3099007
3099027
3099053
3099087
3099131
3099188
3099262
3099358
3099483
3099646
3099858
3100133
3100491
3100956
3101560
3102346
3103368
3104697
3106423
3108668
3111587
3115381
3120313
3120314
3120315
3120316
3120317
3120319
3120321
3120323
3120326
3120330
3120336
3120343
3120352
3120364
3120379
3120399
3120425
3120459
3120503
3120560
3120634
3120730
3120855
3121018
3121230
3121505
3121863
3122328
3122932
3123718
3124740
3126069
3127795
3130040
3132959
3136753
3141685
3141686
3141687
3141688
3141689
3141691
3141693
3141695
3141698
3141702
3141708
3141715
3141724
3141736
3141751
3141771
3141797
3141831
3141875
3141932
3142006
3142102
3142227
3142390
3142602
3142877
3143235
3143700
3144304
3145090
3146112
3147441
3149167
3151412
3154331
3158125
3163057
3163058
3163059
3163060
3163061
3163063
3163065
3163067
3163070
3163074
3163080
3163087
3163096
3163108
3163123
3163143
3163169
3163203
3163247
3163304
3163378
3163474
3163599
3163762
3163974
3164249
3164607
3165072
3165676
3166462
3167484
3168813
3170539
3172784
3175703
3179497
3184429
3184430
3184431
3184432
3184433
3184435
3184437
3184439
3184442
3184446
3184452
3184459
3184468
3184480
3184495
3184515
3184541
3184575
3184619
3184676
3184750
3184846
3184971
3185134
3185346
3185621
3185979
3186444
3187048
3187834
3188856
3190185
3191911
3194156
3197075
3200869
3205801
3205802
3205803
3205804
3205805
3205807
3205809
3205811
3205814
3205818
3205824
3205831
3205840
3205852
3205867
3205887
3205913
3205947
3205991
3206048
3206122
3206218
3206343
3206506
3206718
3206993
3207351
3207816
3208420
3209206
3210228
3211557
3213283
3215528
3218447
3222241
3227173
3227174
3227175
3227176
3227177
3227179
3227181
3227183
3227186
3227190
3227196
3227203
3227212
3227224
3227239
3227259
3227285
3227319
3227363
3227420
3227494
3227590
3227715
3227878
3228090
3228365
3228723
3229188
3229792
3230578
3231600
3232929
3234655
3236900
3239819
3243613
3248545
3248546
3248547
3248548
3248549
3248551
3248553
3248555
3248558
3248562
3248568
3248575
3248584
3248596
3248611
3248631
3248657
3248691
3248735
3248792
3248866
3248962
3249087
3249250
3249462
3249737
3250095
3250560
3251164
3251950
3252972
3254301
3256027
3258272
3261191
3264985
3269917
3269918
3269919
3269920
3269921
3269923
3269925
3269927
3269930
3269934
3269940
3269947
3269956
3269968
3269983
3270003
3270029
3270063
3270107
3270164
3270238
3270334
3270459
3270622
3270834
3271109
3271467
3271932
3272536
3273322
3274344
3275673
3277399
3279644
3282563
3286357
3291289
3291290
3291291
3291292
3291293
3291295
3291297
3291299
3291302
3291306
3291312
3291319
3291328
3291340
3291355
3291375
3291401
3291435
3291479
3291536
3291610
3291706
3291831
3291994
3292206
3292481
3292839
3293304
3293908
3294694
3295716
3297045
3298771
3301016
3303935
3307729
3312661
3312662
3312663
3312664
3312665
3312667
3312669
3312671
3312674
3312678
3312684
3312691
3312700
3312712
3312727
3312747
3312773
3312807
3312851
3312908
3312982
3313078
3313203
3313366
3313578
3313853
3314211
3314676
3315280
3316066
3317088
3318417
3320143
3322388
3325307
3329101
3334033
3334034
3334035
3334036
3334037
3334039
3334041
3334043
3334046
3334050
3334056
3334063
3334072
3334084
3334099
3334119
3334145
3334179
3334223
3334280
3334354
3334450
3334575
3334738
3334950
3335225
3335583
3336048
3336652
3337438
3338460
3339789
3341515
3343760
3346679
3350473
3355405
3355406
3355407
3355408
3355409
3355411
3355413
3355415
3355418
3355422
3355428
3355435
3355444
3355456
3355471
3355491
3355517
3355551
3355595
3355652
3355726
3355822
3355947
3356110
3356322
3356597
3356955
3357420
3358024
3358810
3359832
3361161
3362887
3365132
3368051
3371845
3376777
3376778
3376779
3376780
3376781
3376783
3376785
3376787
3376790
3376794
3376800
3376807
3376816
3376828
3376843
3376863
3376889
3376923
3376967
3377024
3377098
3377194
3377319
3377482
3377694
3377969
3378327
3378792
3379396
3380182
3381204
3382533
3384259
3386504
3389423
3393217
3398149
3398150
3398151
3398152
3398153
3398155
3398157
3398159
3398162
3398166
3398172
3398179
3398188
3398200
3398215
3398235
3398261
3398295
3398339
3398396
3398470
3398566
3398691
3398854
3399066
3399341
3399699
3400164
3400768
3401554
3402576
3403905
3405631
3407876
3410795
3414589
3419521
3419522
3419523
3419524
3419525
3419527
3419529
3419531
3419534
3419538
3419544
3419551
3419560
3419572
3419587
3419607
3419633
3419667
3419711
3419768
3419842
3419938
3420063
3420226
3420438
3420713
3421071
3421536
3422140
3422926
3423948
3425277
3427003
3429248
3432167
3435961
3440893
3440894
3440895
3440896
3440897
3440899
3440901
3440903
3440906
3440910
3440916
3440923
3440932
3440944
3440959
3440979
3441005
3441039
3441083
3441140
3441214
3441310
3441435
3441598
3441810
3442085
3442443
3442908
3443512
3444298
3445320
3446649
3448375
3450620
3453539
3457333
3462265
3462266
3462267
3462268
3462269
3462271
3462273
3462275
3462278
3462282
3462288
3462295
3462304
3462316
3462331
3462351
3462377
3462411
3462455
3462512
3462586
3462682
3462807
3462970
3463182
3463457
3463815
3464280
3464884
3465670
3466692
3468021
3469747
3471992
3474911
3478705
3483637
3483638
3483639
3483640
3483641
3483643
3483645
3483647
3483650
3483654
3483660
3483667
3483676
3483688
3483703
3483723
3483749
3483783
3483827
3483884
3483958
3484054
3484179
3484342
3484554
3484829
3485187
3485652
3486256
3487042
3488064
3489393
3491119
3493364
3496283
3500077
3505009
3505010
3505011
3505012
3505013
3505015
3505017
3505019
3505022
3505026
3505032
3505039
3505048
3505060
3505075
3505095
3505121
3505155
3505199
3505256
3505330
3505426
3505551
3505714
3505926
3506201
3506559
3507024
3507628
3508414
3509436
3510765
3512491
3514736
3517655
3521449
3526381
3526382
3526383
3526384
3526385
3526387
3526389
3526391
3526394
3526398
3526404
3526411
3526420
3526432
3526447
3526467
3526493
3526527
3526571
3526628
3526702
3526798
3526923
3527086
3527298
3527573
3527931
3528396
3529000
3529786
3530808
3532137
3533863
3536108
3539027
3542821
3547753
3547754
3547755
3547756
3547757
3547759
3547761
3547763
3547766
3547770
3547776
3547783
3547792
3547804
3547819
3547839
3547865
3547899
3547943
3548000
3548074
3548170
3548295
3548458
3548670
3548945
3549303
3549768
3550372
3551158
3552180
3553509
3555235
3557480
3560399
3564193
3569125
3569126
3569127
3569128
3569129
3569131
3569133
3569135
3569138
3569142
3569148
3569155
3569164
3569176
3569191
3569211
3569237
3569271
3569315
3569372
3569446
3569542
3569667
3569830
3570042
3570317
3570675
3571140
3571744
3572530
3573552
3574881
3576607
3578852
3581771
3585565
3590497
3590498
3590499
3590500
3590501
3590503
3590505
3590507
3590510
3590514
3590520
3590527
3590536
3590548
3590563
3590583
3590609
3590643
3590687
3590744
3590818
3590914
3591039
3591202
3591414
3591689
3592047
3592512
3593116
3593902
3594924
3596253
3597979
3600224
3603143
3606937
3611869
3611870
3611871
3611872
3611873
3611875
3611877
3611879
3611882
3611886
3611892
3611899
3611908
3611920
3611935
3611955
3611981
3612015
3612059
3612116
3612190
3612286
3612411
3612574
3612786
3613061
3613419
3613884
3614488
3615274
3616296
3617625
3619351
3621596
3624515
3628309
3633241
3633242
3633243
3633244
3633245
3633247
3633249
3633251
3633254
3633258
3633264
3633271
3633280
3633292
3633307
3633327
3633353
3633387
3633431
3633488
3633562
3633658
3633783
3633946
3634158
3634433
3634791
3635256
3635860
3636646
3637668
3638997
3640723
3642968
3645887
3649681
3654613
3654614
3654615
3654616
3654617
3654619
3654621
3654623
3654626
3654630
3654636
3654643
3654652
3654664
3654679
3654699
3654725
3654759
3654803
3654860
3654934
3655030
3655155
3655318
3655530
3655805
3656163
3656628
3657232
3658018
3659040
3660369
3662095
3664340
3667259
3671053
3675985
3675986
3675987
3675988
3675989
3675991
3675993
3675995
3675998
3676002
3676008
3676015
3676024
3676036
3676051
3676071
3676097
3676131
3676175
3676232
3676306
3676402
3676527
3676690
3676902
3677177
3677535
3678000
3678604
3679390
3680412
3681741
3683467
3685712
3688631
3692425
3697357
3697358
3697359
3697360
3697361
3697363
3697365
3697367
3697370
3697374
3697380
3697387
3697396
3697408
3697423
3697443
3697469
3697503
3697547
3697604
3697678
3697774
3697899
3698062
3698274
3698549
3698907
3699372
3699976
3700762
3701784
3703113
3704839
3707084
3710003
3713797
3718729
3718730
3718731
3718732
3718733
3718735
3718737
3718739
3718742
3718746
3718752
3718759
3718768
3718780
3718795
3718815
3718841
3718875
3718919
3718976
3719050
3719146
3719271
3719434
3719646
3719921
3720279
3720744
3721348
3722134
3723156
3724485
3726211
3728456
3731375
3735169
3740101
3740102
3740103
3740104
3740105
3740107
3740109
3740111
3740114
3740118
3740124
3740131
3740140
3740152
3740167
3740187
3740213
3740247
3740291
3740348
3740422
3740518
3740643
3740806
3741018
3741293
3741651
3742116
3742720
3743506
3744528
3745857
3747583
3749828
3752747
3756541
3761473
3761474
3761475
3761476
3761477
3761479
3761481
3761483
3761486
3761490
3761496
3761503
3761512
3761524
3761539
3761559
3761585
3761619
3761663
3761720
3761794
3761890
3762015
3762178
3762390
3762665
3763023
3763488
3764092
3764878
3765900
3767229
3768955
3771200
3774119
3777913
3782845
3782846
3782847
3782848
3782849
3782851
3782853
3782855
3782858
3782862
3782868
3782875
3782884
3782896
3782911
3782931
3782957
3782991
3783035
3783092
3783166
3783262
3783387
3783550
3783762
3784037
3784395
3784860
3785464
3786250
3787272
3788601
3790327
3792572
3795491
3799285
3804217
3804218
3804219
3804220
3804221
3804223
3804225
3804227
3804230
3804234
3804240
3804247
3804256
3804268
3804283
3804303
3804329
3804363
3804407
3804464
3804538
3804634
3804759
3804922
3805134
3805409
3805767
3806232
3806836
3807622
3808644
3809973
3811699
3813944
3816863
3820657
3825589
3825590
3825591
3825592
3825593
3825595
3825597
3825599
3825602
3825606
3825612
3825619
3825628
3825640
3825655
3825675
3825701
3825735
3825779
3825836
3825910
3826006
3826131
3826294
3826506
3826781
3827139
3827604
3828208
3828994
3830016
3831345
3833071
3835316
3838235
3842029
3846961
3846962
3846963
3846964
3846965
3846967
3846969
3846971
3846974
3846978
3846984
3846991
3847000
3847012
3847027
3847047
3847073
3847107
3847151
3847208
3847282
3847378
3847503
3847666
3847878
3848153
3848511
3848976
3849580
3850366
3851388
3852717
3854443
3856688
3859607
3863401
3868333
3868334
3868335
3868336
3868337
3868339
3868341
3868343
3868346
3868350
3868356
3868363
3868372
3868384
3868399
3868419
3868445
3868479
3868523
3868580
3868654
3868750
3868875
3869038
3869250
3869525
3869883
3870348
3870952
3871738
3872760
3874089
3875815
3878060
3880979
3884773
3889705
3889706
3889707
3889708
3889709
3889711
3889713
3889715
3889718
3889722
3889728
3889735
3889744
3889756
3889771
3889791
3889817
3889851
3889895
3889952
3890026
3890122
3890247
3890410
3890622
3890897
3891255
3891720
3892324
3893110
3894132
3895461
3897187
3899432
3902351
3906145
3911077
3911078
3911079
3911080
3911081
3911083
3911085
3911087
3911090
3911094
3911100
3911107
3911116
3911128
3911143
3911163
3911189
3911223
3911267
3911324
3911398
3911494
3911619
3911782
3911994
3912269
3912627
3913092
3913696
3914482
3915504
3916833
3918559
3920804
3923723
3927517
3932449
3932450
3932451
3932452
3932453
3932455
3932457
3932459
3932462
3932466
3932472
3932479
3932488
3932500
3932515
3932535
3932561
3932595
3932639
3932696
3932770
3932866
3932991
3933154
3933366
3933641
3933999
3934464
3935068
3935854
3936876
3938205
3939931
3942176
3945095
3948889
3953821
3953822
3953823
3953824
3953825
3953827
3953829
3953831
3953834
3953838
3953844
3953851
3953860
3953872
3953887
3953907
3953933
3953967
3954011
3954068
3954142
3954238
3954363
3954526
3954738
3955013
3955371
3955836
3956440
3957226
3958248
3959577
3961303
3963548
3966467
3970261
3975193
3975194
3975195
3975196
3975197
3975199
3975201
3975203
3975206
3975210
3975216
3975223
3975232
3975244
3975259
3975279
3975305
3975339
3975383
3975440
3975514
3975610
3975735
3975898
3976110
3976385
3976743
3977208
3977812
3978598
3979620
3980949
3982675
3984920
3987839
3991633
3996565
3996566
3996567
3996568
3996569
3996571
3996573
3996575
3996578
3996582
3996588
3996595
3996604
3996616
3996631
3996651
3996677
3996711
3996755
3996812
3996886
3996982
3997107
3997270
3997482
3997757
3998115
3998580
3999184
3999970
4000992
4002321
4004047
4006292
4009211
4013005
4017937
4017938
4017939
4017940
4017941
4017943
4017945
4017947
4017950
4017954
4017960
4017967
4017976
4017988
4018003
4018023
4018049
4018083
4018127
4018184
4018258
4018354
4018479
4018642
4018854
4019129
4019487
4019952
4020556
4021342
4022364
4023693
4025419
4027664
4030583
4034377
4039309
4039310
4039311
4039312
4039313
4039315
4039317
4039319
4039322
4039326
4039332
4039339
4039348
4039360
4039375
4039395
4039421
4039455
4039499
4039556
4039630
4039726
4039851
4040014
4040226
4040501
4040859
4041324
4041928
4042714
4043736
4045065
4046791
4049036
4051955
4055749
4060681
4060682
4060683
4060684
4060685
4060687
4060689
4060691
4060694
4060698
4060704
4060711
4060720
4060732
4060747
4060767
4060793
4060827
4060871
4060928
4061002
4061098
4061223
4061386
4061598
4061873
4062231
4062696
4063300
4064086
4065108
4066437
4068163
4070408
4073327
4077121
4082053
4082054
4082055
4082056
4082057
4082059
4082061
4082063
4082066
4082070
4082076
4082083
4082092
4082104
4082119
4082139
4082165
4082199
4082243
4082300
4082374
4082470
4082595
4082758
4082970
4083245
4083603
4084068
4084672
4085458
4086480
4087809
4089535
4091780
4094699
4098493
4103425
4103426
4103427
4103428
4103429
4103431
4103433
4103435
4103438
4103442
4103448
4103455
4103464
4103476
4103491
4103511
4103537
4103571
4103615
4103672
4103746
4103842
4103967
4104130
4104342
4104617
4104975
4105440
4106044
4106830
4107852
4109181
4110907
4113152
4116071
4119865
4124797
4124798
4124799
4124800
4124801
4124803
4124805
4124807
4124810
4124814
4124820
4124827
4124836
4124848
4124863
4124883
4124909
4124943
4124987
4125044
4125118
4125214
4125339
4125502
4125714
4125989
4126347
4126812
4127416
4128202
4129224
4130553
4132279
4134524
4137443
4141237
4146169
4146170
4146171
4146172
4146173
4146175
4146177
4146179
4146182
4146186
4146192
4146199
4146208
4146220
4146235
4146255
4146281
4146315
4146359
4146416
4146490
4146586
4146711
4146874
4147086
4147361
4147719
4148184
4148788
4149574
4150596
4151925
4153651
4155896
4158815
4162609
4167541
4167542
4167543
4167544
4167545
4167547
4167549
4167551
4167554
4167558
4167564
4167571
4167580
4167592
4167607
4167627
4167653
4167687
4167731
4167788
4167862
4167958
4168083
4168246
4168458
4168733
4169091
4169556
4170160
4170946
4171968
4173297
4175023
4177268
4180187
4183981
4188913
4188914
4188915
4188916
4188917
4188919
4188921
4188923
4188926
4188930
4188936
4188943
4188952
4188964
4188979
4188999
4189025
4189059
4189103
4189160
4189234
4189330
4189455
4189618
4189830
4190105
4190463
4190928
4191532
4192318
4193340
4194669
4196395
4198640
4201559
4205353
4210285
4210286
4210287
4210288
4210289
4210291
4210293
4210295
4210298
4210302
4210308
4210315
4210324
4210336
4210351
4210371
4210397
4210431
4210475
4210532
4210606
4210702
4210827
4210990
4211202
4211477
4211835
4212300
4212904
4213690
4214712
4216041
4217767
4220012
4222931
4226725
4231657
4231658
4231659
4231660
4231661
4231663
4231665
4231667
4231670
4231674
4231680
4231687
4231696
4231708
4231723
4231743
4231769
4231803
4231847
4231904
4231978
4232074
4232199
4232362
4232574
4232849
4233207
4233672
4234276
4235062
4236084
4237413
4239139
4241384
4244303
4248097
4253029
4253030
4253031
4253032
4253033
4253035
4253037
4253039
4253042
4253046
4253052
4253059
4253068
4253080
4253095
4253115
4253141
4253175
4253219
4253276
4253350
4253446
4253571
4253734
4253946
4254221
4254579
4255044
4255648
4256434
4257456
4258785
4260511
4262756
4265675
4269469
4274401
